0.0000E+00       0.15000E+02       0.00000E+00
0.5000E+01       0.14309E+02       0.69137E+00
0.1000E+02       0.14100E+02       0.89953E+00
0.1500E+02       0.13940E+02       0.10605E+01
0.2000E+02       0.13803E+02       0.11970E+01
0.2500E+02       0.13683E+02       0.13174E+01
0.3000E+02       0.13574E+02       0.14259E+01
0.3500E+02       0.13475E+02       0.15250E+01
0.4000E+02       0.13384E+02       0.16162E+01
0.4500E+02       0.13299E+02       0.17007E+01
0.5000E+02       0.13221E+02       0.17794E+01
0.5500E+02       0.13147E+02       0.18530E+01
0.6000E+02       0.13078E+02       0.19220E+01
0.6500E+02       0.13013E+02       0.19870E+01
0.7000E+02       0.12952E+02       0.20483E+01
0.7500E+02       0.12894E+02       0.21062E+01
0.8000E+02       0.12839E+02       0.21610E+01
0.8500E+02       0.12787E+02       0.22129E+01
0.9000E+02       0.12738E+02       0.22622E+01
0.9500E+02       0.12691E+02       0.23091E+01
0.1000E+03       0.12646E+02       0.23537E+01
0.1050E+03       0.12604E+02       0.23962E+01
0.1100E+03       0.12563E+02       0.24368E+01
0.1150E+03       0.12525E+02       0.24755E+01
0.1200E+03       0.12488E+02       0.25124E+01
0.1250E+03       0.12452E+02       0.25478E+01
0.1300E+03       0.12418E+02       0.25816E+01
0.1350E+03       0.12386E+02       0.26140E+01
0.1400E+03       0.12355E+02       0.26450E+01
0.1450E+03       0.12325E+02       0.26747E+01
0.1500E+03       0.12297E+02       0.27032E+01
0.1550E+03       0.12269E+02       0.27306E+01
0.1600E+03       0.12243E+02       0.27568E+01
0.1650E+03       0.12218E+02       0.27821E+01
0.1700E+03       0.12194E+02       0.28064E+01
0.1750E+03       0.12170E+02       0.28297E+01
0.1800E+03       0.12148E+02       0.28522E+01
0.1850E+03       0.12126E+02       0.28738E+01
0.1900E+03       0.12105E+02       0.28946E+01
0.1950E+03       0.12085E+02       0.29147E+01
0.2000E+03       0.12066E+02       0.29340E+01
0.2050E+03       0.12047E+02       0.29526E+01
0.2100E+03       0.12030E+02       0.29705E+01
0.2150E+03       0.12012E+02       0.29878E+01
0.2200E+03       0.11996E+02       0.30044E+01
0.2250E+03       0.11979E+02       0.30205E+01
0.2300E+03       0.11964E+02       0.30360E+01
0.2350E+03       0.11949E+02       0.30510E+01
0.2400E+03       0.11935E+02       0.30654E+01
0.2450E+03       0.11921E+02       0.30794E+01
0.2500E+03       0.11907E+02       0.30929E+01
0.2550E+03       0.11894E+02       0.31059E+01
0.2600E+03       0.11882E+02       0.31184E+01
0.2650E+03       0.11869E+02       0.31306E+01
0.2700E+03       0.11858E+02       0.31423E+01
0.2750E+03       0.11846E+02       0.31536E+01
0.2800E+03       0.11835E+02       0.31646E+01
0.2850E+03       0.11825E+02       0.31752E+01
0.2900E+03       0.11815E+02       0.31855E+01
0.2950E+03       0.11805E+02       0.31954E+01
0.3000E+03       0.11795E+02       0.32050E+01
