0.5000E+01       0.14695E+00     0.34721E-04
0.1000E+02       0.10351E+00     0.42592E-03
0.1500E+02       0.84806E-01     0.95801E-03
0.2000E+02       0.73582E-01     0.14234E-02
0.2500E+02       0.65784E-01     0.17968E-02
0.3000E+02       0.59868E-01     0.20907E-02
0.3500E+02       0.55131E-01     0.23281E-02
0.4000E+02       0.51200E-01     0.25240E-02
0.4500E+02       0.47851E-01     0.26915E-02
0.5000E+02       0.44944E-01     0.28401E-02
0.5500E+02       0.42384E-01     0.29759E-02
0.6000E+02       0.40099E-01     0.30973E-02
0.6500E+02       0.38042E-01     0.32055E-02
0.7000E+02       0.36175E-01     0.33037E-02
0.7500E+02       0.34471E-01     0.33969E-02
0.8000E+02       0.32908E-01     0.34799E-02
0.8500E+02       0.31470E-01     0.35642E-02
0.9000E+02       0.30142E-01     0.36396E-02
0.9500E+02       0.28912E-01     0.37124E-02
0.1000E+03       0.27769E-01     0.37794E-02
0.1050E+03       0.26705E-01     0.38415E-02
0.1100E+03       0.25711E-01     0.39039E-02
0.1150E+03       0.24782E-01     0.39576E-02
0.1200E+03       0.23911E-01     0.40117E-02
0.1250E+03       0.23093E-01     0.40667E-02
0.1300E+03       0.22325E-01     0.41169E-02
0.1350E+03       0.21601E-01     0.41606E-02
0.1400E+03       0.20918E-01     0.42047E-02
0.1450E+03       0.20274E-01     0.42491E-02
0.1500E+03       0.19665E-01     0.42929E-02
0.1550E+03       0.19088E-01     0.43360E-02
0.1600E+03       0.18542E-01     0.43736E-02
0.1650E+03       0.18023E-01     0.44047E-02
0.1700E+03       0.17531E-01     0.44360E-02
0.1750E+03       0.17063E-01     0.44672E-02
0.1800E+03       0.16618E-01     0.44981E-02
0.1850E+03       0.16194E-01     0.45283E-02
0.1900E+03       0.15790E-01     0.45578E-02
0.1950E+03       0.15405E-01     0.45865E-02
0.2000E+03       0.15037E-01     0.46144E-02
0.2050E+03       0.14686E-01     0.46414E-02
0.2100E+03       0.14350E-01     0.46675E-02
0.2150E+03       0.14029E-01     0.46928E-02
0.2200E+03       0.13722E-01     0.47173E-02
0.2250E+03       0.13428E-01     0.47409E-02
0.2300E+03       0.13146E-01     0.47637E-02
0.2350E+03       0.12876E-01     0.47857E-02
0.2400E+03       0.12617E-01     0.48069E-02
0.2450E+03       0.12368E-01     0.48274E-02
0.2500E+03       0.12129E-01     0.48472E-02
0.2550E+03       0.11900E-01     0.48662E-02
0.2600E+03       0.11679E-01     0.48846E-02
0.2650E+03       0.11468E-01     0.49023E-02
0.2700E+03       0.11264E-01     0.49194E-02
0.2750E+03       0.11068E-01     0.49359E-02
0.2800E+03       0.10879E-01     0.49518E-02
0.2850E+03       0.10697E-01     0.49638E-02
0.2900E+03       0.10523E-01     0.49748E-02
0.2950E+03       0.10354E-01     0.49863E-02
0.3000E+03       0.10192E-01     0.49978E-02
