118
9460800000
15
10
15
9.81
11.2
15
60
157680000
315360000
473040000
630720000
788400000
946080000
1103760000
1261440000
1419120000
1576800000
1734480000
1892160000
2049840000
2207520000
2365200000
2522880000
2680560000
2838240000
2995920000
3153600000
3311280000
3468960000
3626640000
3784320000
3942000000
4099680000
4257360000
4415040000
4572720000
4730400000
4888080000
5045760000
5203440000
5361120000
5518800000
5676480000
5834160000
5991840000
6149520000
6307200000
6464880000
6622560000
6780240000
6937920000
7095600000
7253280000
7410960000
7568640000
7726320000
7884000000
8041680000
8199360000
8357040000
8514720000
8672400000
8830080000
8987760000
9145440000
9303120000
9460800000

