9.1018880200619
9.1268126788148
9.1519593693973
9.1773320831634
9.2029349200701
9.2287720926529
9.254847930186
9.2811668830361
9.3077335272205
9.3345525691826
9.3616288507961
9.388967354611
9.4165732093569
9.4444516957178
9.4726082523947
9.5010484824738
9.5297781601186
9.5588032376064
9.5881298527299
9.6177643365878
9.6477132217879
9.677983251091
9.7085813865226
9.7395148189842
9.7707909783966
9.8024175444122
9.8344024577336
9.8667539320806
9.899480466852
9.9325908605288
9.9660942248733
10.000000000081
9.9999999999812
9.9999999999812
9.9999999999812
9.9999999999812
9.9999999999812
9.9999999999812
9.9999999999812
9.9999999999812
9.9999999999812
9.9999999999812
9.9999999999812
9.9999999999812
9.9999999999812
9.9999999999812
9.9999999999812
9.9999999999812
9.9999999999812
9.9999999999812
9.9999999999812
9.9999999999812
9.9999999999812
9.9999999999812
9.9999999999812
9.9999999999812
9.9999999999812
9.9999999999812
9.9999999999812
9.9999999999812
9.9999999999812
9.9999999999812
9.9999999999812
9.9999999999812
9.9999999999812
9.9999999999812
9.9999999999812
9.9999999999812
9.9999999999812
9.9999999999812
9.9999999999812
9.9999999999812
9.9999999999812
9.9999999999812
9.9999999999812
9.9999999999812
9.9999999999812
9.9999999999812
9.9999999999812
9.9999999999812
9.9999999999812
9.9999999999812
9.9999999999812
9.9999999999812
9.9999999999812
9.9999999999812
9.9999999999812
9.9999999999812
9.9999999999812
9.9999999999812
9.9999999999812
9.9999999999812
9.9999999999812
9.9999999999812
9.9999999999812
9.9999999999812
9.9999999999812
9.9999999999812
9.9999999999812
9.9999999999812
9.9999999999812
9.9999999999812
9.9999999999812
9.9999999999812
9.9999999999812
9.9999999999812
9.9999999999812
9.9999999999812
9.9999999999812
9.9999999999812
9.9999999999812
9.9999999999812
9.9999999999812
9.9999999999812
9.9999999999812
9.9999999999812
9.9999999999812
9.9999999999812
