3.11985934507392e-09
1.29564652677783e-08
1.54816420442132e-08
1.39351106807865e-08
1.05595049388012e-08
4.78829975856916e-09
1.08975998991334e-08
2.49451576174718e-08
7.57294877829496e-09
6.70083557551732e-09
2.97618531285168e-09
2.92453480531784e-09
1.34466558376653e-09
1.84971402946978e-09
2.73084002964304e-09
3.42224334027999e-09
5.91295399690673e-09
6.52203344118809e-09
1.50649198378379e-08
1.07330775407444e-08
1.17482240925677e-08
1.26971268332716e-08
1.23278605856303e-08
1.01523161419301e-08
6.7495251974116e-09
2.29837842917946e-09
2.82493696153986e-09
9.98379311421209e-10
3.30393806499158e-09
1.59011329120394e-08
1.33568488127794e-08
1.29660210951679e-08
1.2020069885991e-08
2.88990226868601e-08
2.62420278066496e-08
2.79704301083807e-08
1.42633052551702e-08
1.45850229565042e-08
2.0208084161093e-08
7.81215405882546e-09
1.631955408824e-08
5.58382825461913e-08
1.47678864130876e-07
7.99044514021383e-08
8.75561289409233e-08
1.05520906968004e-07
3.05443308496448e-08
2.48455153991928e-08
1.38200500615486e-08
2.15691270596816e-08
1.21564030532662e-08
1.93668461608192e-08
9.33141079910708e-09
7.47554054016085e-09
8.48278689885128e-09
1.60182879907459e-08
1.76400595756417e-08
6.22275025321919e-09
1.11852283233557e-08
1.40263958943655e-08
1.20266607744411e-08
9.41357294955972e-09
2.01489920669852e-08
1.63879396783345e-08
1.02942066913476e-08
1.54540804596601e-08
3.20587521742156e-09
3.24886362730729e-09
5.50979218779475e-09
2.34652038210372e-09
1.64046329510998e-09
1.12479762201717e-09
2.80330503769229e-09
5.15213291275234e-09
3.82455471480038e-09
2.77606760327613e-09
1.83051527242935e-09
6.09893120385035e-10
1.21414338845604e-09
7.81141083435666e-10
7.93153156714447e-10
1.07597146046554e-09
8.98394087090352e-10
2.48272798939795e-10
2.69531638878785e-10
1.06590549473535e-10
1.81229594060018e-10
2.66848870678209e-10
2.55035298419682e-10
1.53231584901956e-10
1.4908134997439e-10
3.03975803177587e-10
1.67361958383318e-10
1.84764858061669e-10
7.4784546643351e-11
3.7468100211236e-11
7.36155267651242e-11
7.67694757059097e-11
8.04714742385368e-11
9.09585869944508e-11
1.78479279604316e-10
5.07360269121309e-10
1.13858563731019e-09
2.84290230373988e-09
1.99172683355356e-09
2.5290504503247e-09
1.42318862929413e-09
6.74562007382677e-10
2.28162848555014e-10
1.38800432209016e-10
1.58849288042789e-10
1.22109117480188e-10
7.50953116236066e-11
7.95035428142321e-11
5.167706226867e-11
1.90860418801823e-10
1.30616760701347e-10
7.51828763333856e-11
