20.61875
20.4375
20.25625
20.075
19.89375
19.7125
19.53125
19.35
19.16875
18.9875
18.80625
18.625
18.44375
18.2625
18.08125
17.9
17.71875
17.5375
17.35625
17.175
16.99375
16.8125
16.63125
16.45
16.26875
16.0875
15.90625
15.725
15.54375
15.3625
15.18125
15
14.827586206897
14.655172413793
14.48275862069
14.310344827586
14.137931034483
13.965517241379
13.793103448276
13.620689655172
13.448275862069
13.275862068966
13.103448275862
12.931034482759
12.758620689655
12.586206896552
12.413793103448
12.241379310345
12.068965517241
11.896551724138
11.724137931034
11.551724137931
11.379310344828
11.206896551724
11.034482758621
10.862068965517
10.689655172414
10.51724137931
10.344827586207
10.172413793103
10
9.8275862068966
9.6551724137931
9.4827586206897
9.3103448275862
9.1379310344828
8.9655172413793
8.7931034482759
8.6206896551724
8.448275862069
8.2758620689655
8.1034482758621
7.9310344827586
7.7586206896552
7.5862068965517
7.4137931034483
7.2413793103448
7.0689655172414
6.8965517241379
6.7241379310345
6.551724137931
6.3793103448276
6.2068965517241
6.0344827586207
5.8620689655172
5.6896551724138
5.5172413793103
5.3448275862069
5.1724137931034
5
4.8275862068966
4.6551724137931
4.4827586206897
4.3103448275862
4.1379310344828
3.9655172413793
3.7931034482759
3.6206896551724
3.448275862069
3.2758620689655
3.1034482758621
2.9310344827586
2.7586206896552
2.5862068965517
2.4137931034483
2.2413793103448
2.0689655172414
1.8965517241379
1.7241379310345
1.551724137931
1.3793103448276
1.2068965517241
1.0344827586207
0.86206896551724
0.68965517241379
0.51724137931035
0.3448275862069
0.17241379310345
