0.136495202
0.126417923
0.13200487
0.136092035
0.140002755
0.132720265
0.125285546
0.122153077
0.126576616
0.126274912
0.134229489
0.141608638
0.12700706
0.12773057
0.137200847
0.159643551
0.13648637
0.139828948
0.184229797
0.177098109
0.164341698
0.174091035
0.206239669
0.188729317
0.181802123
0.164782847
0.191329638
0.172865404
0.225255808
0.298513682
0.304247393
0.01
0.01
0.01
0.01
0.01
0.01
0.01
0.01
0.01
0.01
0.01
0.01
0.01
0.01
0.01
0.01
0.01
0.01
0.01
0.01
0.01
0.01
0.01
0.01
0.01
0.01
0.01
0.01
0.01
0.01
0.01
0.01
0.01
0.01
0.01
0.01
0.01
0.01
0.01
0.01
0.01
0.01
0.01
0.01
0.01
0.01
0.01
0.01
0.01
0.01
0.01
0.01
0.01
0.01
0.01
0.01
0.01
0.01
0.01
0.01
0.01
0.01
0.01
0.01
0.01
0.01
0.01
0.01
0.01
0.01
0.01
0.01
0.01
0.01
0.01
0.01
0.01
0.01
0.01
0.01
0.01
0.01
0.01
0.01
0.01
0.01
0.01
